Matrix 1

* A B C
A 0 88 97
B 88 0 17
C 97 17 0


Matrix 2

* A B C D E F G H I J
A 0 96 46 96 5 36 19 82 11 81
B 96 0 1 87 47 48 76 12 12 50
C 46 1 0 93 80 89 45 46 16 72
D 96 87 93 0 91 52 75 82 98 90
E 5 47 80 91 0 21 1 22 30 0
F 36 48 89 52 21 0 54 10 30 86
G 19 76 45 75 1 54 0 23 79 25
H 82 12 46 82 22 10 23 0 28 30
I 11 12 16 98 30 30 79 28 0 47
J 81 50 72 90 0 86 25 30 47 0

